Some((
    red: 0.8685185,
    green: 0.8685197,
    blue: 0.86851794,
))