Some((
    red: 0.09803921,
    green: 0.76862746,
    blue: 0.709804,
))