Some((
    red: 0.07450981,
    green: 0.07450981,
    blue: 0.07450981,
    alpha: 1.0,
))