Some((
    red: 0.3885728,
    green: 0.38857287,
    blue: 0.3885726,
))