Some((
    red: 0.03529412,
    green: 0.03529412,
    blue: 0.03529412,
    alpha: 1.0,
))