Some((
    red: 0.86851853,
    green: 0.8685197,
    blue: 0.8685181,
))