Some((
    red: 0.8685188,
    green: 0.86851966,
    blue: 0.8685178,
))